0.9036679340702047 0.5805703633100986 -1
0.10610507550592174 0.04419924525336383 1
0.31767266337745304 0.46129185602752343 1
0.8242137650175583 0.9876300175081436 1
0.9925669616944017 0.5877156128553065 1
0.1654424685380299 0.022524015318724833 -1
0.8936543988635517 0.5159771774243999 -1
0.289063360700094 0.0020799453797606393 1
0.9219804439268242 0.3322322408759356 -1
0.6708108389145302 0.9130871700925639 1
0.9915569017373217 0.41290247357424625 1
0.46631663859847006 0.8739714484835021 -1
0.6823643659512422 0.6829480088363734 -1
0.06736672444951619 0.7840699123374208 1
0.10065210235531674 0.8387774694184047 1
0.9491949992707732 0.11355690871430302 -1
0.11195302592814127 0.7663020241334102 -1
0.7047418013847263 0.15513886509831354 -1
0.6695778187316558 0.11111213222478356 -1
0.5316048768933263 0.35183904723457904 1
0.3236357021648667 0.9344910056175861 -1
0.1435429655497501 0.07410261857198874 1
0.38589019473347386 0.9250025304059798 1
0.3552439136330753 0.32518193333127954 1
0.7687076509024928 0.2736727423663389 -1
0.6912980437184247 0.905903728391469 -1
0.8250254561035446 0.5959417176510652 1
0.7486613892949764 0.8990533178700256 1
0.007768406861128563 0.03411908458819768 1
0.7335836938882835 0.04552326298667675 -1
0.5263334422895838 0.45371924804588326 -1
0.8052473518051247 0.8488834722138863 1
0.28371300772143626 0.6583652694034925 1
0.12132044334526715 0.8826435625187584 1
0.7394621097918884 0.02892462387215755 -1
0.9730184938039651 0.37788742391312835 1
0.40803465626012114 0.27595917531082115 1
0.8310571241481911 0.8777621097282602 1
0.7918875659905243 0.8215146810185147 -1
0.7337725913884465 0.0929729582467419 1
0.23446227714415613 0.5080068921822584 1
0.10854477155842668 0.9496492742630454 -1
0.11258379291312215 0.3918849725554415 1
0.9718719896229884 0.527023296946562 1
0.3955318002031316 0.6673420426375164 1
0.006232991587843628 0.8991108691682598 -1
0.5240151999910044 0.6749086606309785 -1
0.09792198570916721 0.39935510395338236 1
0.11161637658137114 0.06271153076178082 -1
0.8464867069110334 0.6848047447798381 1
